jetset_sim_and_analysis/sed_mrk421_mjd_56302.ecsv
# %ECSV 0.9
# ---
# datatype:
# - {name: x, unit: Hz, datatype: float64}
# - {name: x_start, unit: Hz, datatype: float64}
# - {name: x_end, unit: Hz, datatype: float64}
# - {name: y, unit: erg / (cm2 s), datatype: float64}
# - {name: dy, unit: erg / (cm2 s), datatype: float64}
# - {name: data_set, datatype: string}
# meta:
#   __serialized_columns__:
#     dy:
#       __class__: astropy.units.quantity.Quantity
#       unit: !astropy.units.Unit {unit: erg / (cm2 s)}
#       value: !astropy.table.SerializedColumn {name: dy}
#     x:
#       __class__: astropy.units.quantity.Quantity
#       unit: &id001 !astropy.units.Unit {unit: Hz}
#       value: !astropy.table.SerializedColumn {name: x}
#     x_end:
#       __class__: astropy.units.quantity.Quantity
#       unit: *id001
#       value: !astropy.table.SerializedColumn {name: x_end}
#     x_start:
#       __class__: astropy.units.quantity.Quantity
#       unit: *id001
#       value: !astropy.table.SerializedColumn {name: x_start}
#     y:
#       __class__: astropy.units.quantity.Quantity
#       unit: !astropy.units.Unit {unit: erg / (cm2 s)}
#       value: !astropy.table.SerializedColumn {name: y}
#   data_scale: lin-lin
#   obj_name: Mrk421
#   restframe: obs
#   z: 0.0308
# schema: astropy-2.0
x x_start x_end y dy data_set
2640132156.8622994 2620044571.1714497 2659809394.332142 1.9679616945220493e-14 2.1132294768109595e-16 campaign-2013
4850507159.907387 4829968107.774298 4871130947.848248 3.355911540301266e-14 3.9039484927095244e-16 campaign-2013
8351287915.158424 8351287915.158424 8369024550.368388 5.0665060183589225e-14 7.480811549331226e-16 campaign-2013
10450676060.854313 10248670354.981491 10652136874.202757 6.134821045269137e-14 1.309080993381581e-15 campaign-2013
14600055992.900658 14400096425.182142 14796504583.701355 8.014099327487162e-14 5.545914475307265e-15 campaign-2013
32001842186.84768 31798813097.5772 32206180479.685734 1.8212407529832333e-13 3.2783358620687765e-14 campaign-2013
86227547288.2584 86044843826.74156 86429054090.67978 6.149777400720924e-13 4.170651056666594e-14 campaign-2013
142022054511.4724 141811417597.83868 142203078835.71893 8.094248774497112e-13 4.0709729567590397e-14 campaign-2013
453972824072685.0 453491209203046.5 454454343060994.3 1.6352972496749058e-10 1.7949269529920423e-11 campaign-2013
1140016752961050.5 1137359065254410.0 1142680039976731.2 2.155436961650619e-10 7.176272267714641e-12 campaign-2013
1340049644009952.8 1336642642873145.5 1342895937837570.5 2.6062013496983387e-10 8.701151614094084e-12 campaign-2013
1479615953402106.8 1476481753253885.8 1483389265865371.8 2.4538688717922614e-10 8.170597155171158e-12 campaign-2013
1479615953402106.8 1476481753253885.8 1483389265865371.8 2.4995263429932757e-10 8.345002843439312e-12 campaign-2013
1140016752961050.5 1137359065254410.0 1142680039976731.2 2.1750076285533255e-10 7.27161670557893e-12 campaign-2013
1340049644009952.8 1336642642873145.5 1342895937837570.5 2.6305693960309396e-10 8.688290790208928e-12 campaign-2013
1140016752961050.5 1137359065254410.0 1142680039976731.2 2.2361912776345216e-10 7.445800507716419e-12 campaign-2013
1340049644009952.8 1336642642873145.5 1342895937837570.5 2.729370522098981e-10 8.966537967687483e-12 campaign-2013
1479615953402106.8 1476481753253885.8 1483389265865371.8 2.593637229531824e-10 8.588765336648677e-12 campaign-2013
1340049644009952.8 1336642642873145.5 1342895937837570.5 2.754150921830851e-10 8.973155891614403e-12 campaign-2013
1140016752961050.5 1137359065254410.0 1142680039976731.2 2.2988913395997208e-10 7.633304107502885e-12 campaign-2013
1479615953402106.8 1476481753253885.8 1483389265865371.8 2.593637229531824e-10 8.588765336648677e-12 campaign-2013
1140016752961050.5 1137359065254410.0 1142680039976731.2 2.2773906645396302e-10 7.531664719810827e-12 campaign-2013
1340049644009952.8 1336642642873145.5 1342895937837570.5 2.858361399248669e-10 9.87575031388724e-12 campaign-2013
1479615953402106.8 1476481753253885.8 1483389265865371.8 2.6915318570684333e-10 8.961938751990135e-12 campaign-2013
1.0420670289226347e+17 8.704860108797202e+16 1.2135306394966533e+17 1.5045712943010937e-10 3.076177347169707e-12 campaign-2013
1.4530365653594467e+17 1.2135306483856642e+17 1.6921226449017974e+17 1.219648028229919e-10 2.624378005149051e-12 campaign-2013
2.0256550745792045e+17 1.692124918694078e+17 2.3594648365361085e+17 9.510179710023644e-11 1.9103652619815162e-12 campaign-2013
2.8251326379286304e+17 2.3594637501968954e+17 3.289290715599157e+17 7.110108577415148e-11 1.4760360967092562e-12 campaign-2013
3.9384723005672186e+17 3.289987120330164e+17 4.5874916427958637e+17 5.838404249900917e-11 1.5252824313708384e-12 campaign-2013
5.4917237620462957e+17 4.587495048372597e+17 6.395353549809677e+17 4.4370445587481826e-11 1.787629159008114e-12 campaign-2013
7.657559070885206e+17 6.396707566481851e+17 8.917547814445394e+17 3.450503799376768e-11 1.984866755798419e-12 campaign-2013
1.0675280829558179e+18 8.917547879765836e+17 1.243444879156619e+18 2.5468977758324287e-11 2.0073173092356174e-12 campaign-2013
1.4888531743188902e+18 1.243444306652672e+18 1.7342015299396375e+18 1.3577720758961243e-11 2.6426242706527284e-12 campaign-2013
1.0420670289226347e+17 8.704860108797202e+16 1.2135306394966533e+17 1.463274577224586e-10 3.4302802625016975e-12 campaign-2013
1.4530365653594467e+17 1.2135306483856642e+17 1.6921226449017974e+17 1.2133342157580687e-10 3.0016714858076888e-12 campaign-2013
2.0256550745792045e+17 1.692124918694078e+17 2.3594648365361085e+17 9.610278654567474e-11 2.1668858199562713e-12 campaign-2013
2.8251326379286304e+17 2.3594637501968954e+17 3.289290715599157e+17 6.86869792232158e-11 1.6562220043923363e-12 campaign-2013
3.9384723005672186e+17 3.289987120330164e+17 4.5874916427958637e+17 5.075403104392977e-11 1.6483085508514886e-12 campaign-2013
5.4917237620462957e+17 4.587495048372597e+17 6.395353549809677e+17 4.00957738074389e-11 1.952019163564322e-12 campaign-2013
7.657559070885206e+17 6.396707566481851e+17 8.917547814445394e+17 2.8234786193760524e-11 1.907415089126393e-12 campaign-2013
1.0675280829558179e+18 8.917547879765836e+17 1.243444879156619e+18 2.001637824865997e-11 2.1652706158524326e-12 campaign-2013
1.4888531743188902e+18 1.243444306652672e+18 1.7342015299396375e+18 1.20304065892987e-11 2.184582204656487e-12 campaign-2013
1.0420670289226347e+17 8.704860108797202e+16 1.2135306394966533e+17 1.595685751613145e-10 3.690870241125747e-12 campaign-2013
1.4530365653594467e+17 1.2135306483856642e+17 1.6921226449017974e+17 1.298960181010546e-10 3.1902530126691643e-12 campaign-2013
2.0256550745792045e+17 1.692124918694078e+17 2.3594648365361085e+17 1.0380043242890235e-10 2.31278898589249e-12 campaign-2013
2.8251326379286304e+17 2.3594637501968954e+17 3.289290715599157e+17 7.866725101927156e-11 1.8228731697057873e-12 campaign-2013
3.9384723005672186e+17 3.289987120330164e+17 4.5874916427958637e+17 6.085942568089852e-11 1.832078534503257e-12 campaign-2013
5.4917237620462957e+17 4.587495048372597e+17 6.395353549809677e+17 5.138467390282445e-11 2.3824932066919854e-12 campaign-2013
7.657559070885206e+17 6.396707566481851e+17 8.917547814445394e+17 4.043806703735397e-11 2.472405191281482e-12 campaign-2013
1.0675280829558179e+18 8.917547879765836e+17 1.243444879156619e+18 2.7108229622544898e-11 2.4480923773283956e-12 campaign-2013
1.4888531743188902e+18 1.243444306652672e+18 1.7342015299396375e+18 1.3129597537078803e-11 2.4280181606612487e-12 campaign-2013
6.180303837469937e+18 5.413965262206006e+18 7.053622630764069e+18 4.123394264759649e-12 6.151795829648696e-13 campaign-2013
4.4341747944554015e+18 3.5812042931292677e+18 5.490300446328205e+18 4.701039475635141e-12 3.048277039795622e-13 campaign-2013
3.2351553667060255e+18 2.9788808620834493e+18 3.5127300663417047e+18 6.9259667993162775e-12 4.5059025816013366e-13 campaign-2013
2.819011911045518e+18 2.673390448497624e+18 2.973197776700299e+18 7.744347716553288e-12 5.104531838920542e-13 campaign-2013
2.5623270895358254e+18 2.4584844505282493e+18 2.6716882011865876e+18 8.393153826112855e-12 5.400214739773196e-13 campaign-2013
2.378955938832255e+18 2.302484653031703e+18 2.457963410781165e+18 8.528669816164165e-12 5.697993840998445e-13 campaign-2013
2.238898316869277e+18 2.1766085026140703e+18 2.3024861887225859e+18 9.883101034244732e-12 6.425614127809842e-13 campaign-2013
2.1178455055160061e+18 2.060670201941302e+18 2.177069894897934e+18 9.72690276354107e-12 6.306613930971286e-13 campaign-2013
2.0118543941335268e+18 1.963779243380736e+18 2.061105640946513e+18 1.0329814406373848e-11 6.83215712603967e-13 campaign-2013
1.9201110962873405e+18 1.8770132161917396e+18 1.9637800287550833e+18 1.1126314335714736e-11 7.205259390178332e-13 campaign-2013
1.8325514176554806e+18 1.789899377047124e+18 1.877014593889491e+18 1.0617539941189185e-11 6.798381704353926e-13 campaign-2013
1.755301626146012e+18 1.7217391355932406e+18 1.7891404165474304e+18 1.232244407734552e-11 8.045454166154461e-13 campaign-2013
1.6920430583123684e+18 1.6635693407236255e+18 1.721373894329247e+18 1.4530690941783528e-11 9.186691975210432e-13 campaign-2013
1.6341855181253396e+18 1.6056596046794898e+18 1.6639212026018212e+18 1.3800657285282365e-11 8.730941976675521e-13 campaign-2013
1.5813190637363515e+18 1.5573475063135293e+18 1.605659603597995e+18 1.490340879859086e-11 9.722604747030353e-13 campaign-2013
1.5330882806437975e+18 1.5088865912838717e+18 1.5570160979603162e+18 1.5611929990340683e-11 9.743418979635443e-13 campaign-2013
1.4844392363292137e+18 1.4603862269629379e+18 1.50888820340396e+18 1.525558773184883e-11 9.453483789324712e-13 campaign-2013
1.4361139468440812e+18 1.4122433843898573e+18 1.460695113602301e+18 1.547561890918367e-11 9.353952862890629e-13 campaign-2013
1.3926059014124718e+18 1.3732423068084347e+18 1.411943515186314e+18 1.608415451009451e-11 1.0508257427298133e-12 campaign-2013
1.353861326781215e+18 1.3347538763306424e+18 1.373244141178742e+18 1.6364385253679343e-11 1.0456527004217361e-12 campaign-2013
1.315075919907918e+18 1.296241430320505e+18 1.3350365474005517e+18 1.9200531567236525e-11 1.1157872035536095e-12 campaign-2013
1.281475823308725e+18 1.2668784127033705e+18 1.2959664523723003e+18 2.146161263355226e-11 1.3491628940696097e-12 campaign-2013
1.247407937797493e+18 1.2284982112936415e+18 1.2671462858637583e+18 1.6733123124240605e-11 1.0227002760938953e-12 campaign-2013
1.2134748601678546e+18 1.199398128512375e+18 1.2284996061672466e+18 2.039976175452877e-11 1.290468954386397e-12 campaign-2013
1.1849807518527583e+18 1.1704874656273682e+18 1.1993962845327073e+18 1.9065263903134328e-11 1.2404608989028126e-12 campaign-2013
1.15568274505873e+18 1.1410645933688593e+18 1.1704876996100045e+18 2.0656958627875077e-11 1.2817944803607981e-12 campaign-2013
1.1263935527651615e+18 1.1121458780575259e+18 1.141065355194622e+18 2.4745562561969996e-11 1.3936592147020662e-12 campaign-2013
1.0978459945997925e+18 1.0832699444842884e+18 1.1121461746715302e+18 2.3366014630232394e-11 1.3431912752573582e-12 campaign-2013
1.0686598866977075e+18 1.054248142733789e+18 1.0832696542948256e+18 2.018546360480079e-11 1.242750972281834e-12 campaign-2013
1.0393692228980434e+18 1.0253506373480129e+18 1.0542474376283821e+18 2.385830007749908e-11 1.341430449088782e-12 campaign-2013
6.57822748938711e+22 2.4181922040221134e+22 1.789475594979415e+23 2.718349610412809e-11 5.9630632892795815e-12 campaign-2013
4.866889980722812e+23 1.7894772284151227e+23 1.324223038472342e+24 5.6543257321069436e-11 1.1907151003588417e-11 campaign-2013
3.6030517344248933e+24 1.3242210617308296e+24 9.803467901955262e+24 6.994612719627444e-11 3.142213353337228e-11 campaign-2013
2.66684350774688e+25 9.803479470980207e+24 7.251551401803505e+25 1.5775127282635005e-10 1.1990342651286841e-10 campaign-2013
1.3574394709336484e+25 1.0833721572552585e+25 1.679685708559496e+25 3.29980461745029e-11 1.2744417690883061e-11 campaign-2013
1.9874376640062248e+25 1.6796850513692378e+25 2.604223264158691e+25 2.68763139792946e-11 5.917208234511093e-12 campaign-2013
3.3557027438666133e+25 2.604223811388045e+25 4.0385066386013716e+25 2.8285398513404096e-11 3.4142812631737113e-12 campaign-2013
5.11845599202881e+25 4.03850316952315e+25 6.260062174437191e+25 1.957002623539185e-11 2.5520497812907507e-12 campaign-2013
7.872063048016898e+25 6.260066417972826e+25 9.70575441364672e+25 1.2907117904550368e-11 2.121118974766804e-12 campaign-2013
1.2130162452631902e+26 9.707811273273054e+25 1.505441279738046e+26 3.899448544172261e-12 1.9058693967651938e-12 campaign-2013
5.699718240244826e+25 5.6804048132041795e+25 5.7215275967534594e+25 2.536208183728441e-11 5.322293763886217e-12 campaign-2013
8.047675910599735e+25 8.028929084698807e+25 8.06820284502524e+25 2.5813191166151126e-11 4.42663410998786e-12 campaign-2013
1.1399085104207018e+26 1.1200125873676033e+26 1.1599139249813496e+26 1.4878100119389608e-11 2.940751199883839e-12 campaign-2013
1.6094855698000852e+26 1.5898031098463992e+26 1.6294138839401234e+26 1.3085042545663088e-11 2.7061899497433936e-12 campaign-2013
2.2696114897175777e+26 2.249478656407383e+26 2.289926347162814e+26 6.6502139418274225e-12 2.11506554133722e-12 campaign-2013
